Input Tokens,Output Tokens
2504,25