Input Tokens,Output Tokens
1469,263