Input Tokens,Output Tokens
10624,524