Input Tokens,Output Tokens
4424,1320