Input Tokens,Output Tokens
3425,470