Input Tokens,Output Tokens
31142,4985