Generation Time (s)
6.293329399999493 s