Generation Time (s)
481.40910050000093 s