Input Tokens,Output Tokens
3019,162