Generation Time (s)
5.851853400003165 s