Generation Time (s)
72.3642547000054 s