Success Rate (%),Failure Rate (%),Error Rate (%),Average Failure Distance,Average Failure Angle (°),Average Elapsed Time (s),Generation Time (s),Mode,Feedbacks Given,Forwards Kinematics Calls,Testing Calls,Reasoning,Functions,API,Cost ($)
100%,0%,0%,0,0°,0.00025144519999753355 s,1552.0649843000137 s,Normal,2,2,1,True,True,True,$0.5669587