Input Tokens,Output Tokens
5136,10776